14 1 29 17 55 2 65 17 82 13 92 16 92 18 97 8 130 17 160 4 173 4 173 14 241 5 254 2 296 7 315 9 340 19 353 20 357 6 409 18 418 8 430 19 450 11 453 15 455 1 471 15 486 3 513 4 586 11 605 5 626 5 632 13 645 4 647 15 712 11 715 1 741 10 763 12 771 13 793 4 804 12 807 4 833 5 871 13 905 18 921 10 927 17 931 11 933 14 949 10 954 13 963 19 
9 11 15 7 35 2 48 2 59 2 66 15 67 5 73 4 84 17 142 19 149 14 183 13 193 16 203 7 224 10 237 11 244 19 271 6 308 19 310 8 315 4 364 16 398 16 401 20 402 7 450 6 473 13 475 18 491 17 520 18 545 5 556 18 574 4 574 19 590 16 612 19 618 11 633 7 650 6 659 11 660 7 667 16 789 9 789 19 799 18 818 4 823 17 833 7 860 17 866 18 873 14 937 4 937 5 954 2 
6 13 16 18 46 11 68 12 72 17 158 11 213 14 230 20 268 16 274 11 278 4 278 11 291 2 295 11 296 18 298 3 309 16 340 16 360 16 412 12 436 18 442 16 445 7 466 11 559 16 575 2 575 7 583 11 584 16 597 5 661 6 716 6 725 11 726 9 770 5 795 6 809 1 811 16 829 8 891 6 904 16 919 16 921 9 936 18 959 5 980 9 1000 9 
10 13 13 1 17 1 26 4 45 18 50 14 108 5 124 11 161 6 181 11 185 16 186 6 196 4 203 17 210 7 211 7 233 6 269 2 277 16 298 10 323 13 339 16 369 17 391 11 400 10 432 11 457 17 458 8 468 6 468 13 469 15 497 11 498 16 504 18 505 11 542 11 556 9 561 2 573 9 623 10 636 11 673 5 688 11 692 6 773 10 857 19 868 13 871 10 874 6 897 9 899 7 900 17 931 18 950 17 967 9 973 15 982 10 
1 11 19 18 82 14 116 19 139 6 148 18 157 16 171 14 210 17 214 19 215 7 237 18 248 2 250 10 268 4 275 11 280 7 282 18 308 11 400 19 422 16 436 15 455 6 458 18 459 16 473 6 476 14 492 18 515 5 564 18 592 6 633 11 636 7 646 18 655 16 681 8 699 11 699 19 702 9 746 18 753 16 785 6 819 11 853 8 863 18 866 11 891 16 909 17 923 16 937 18 938 9 948 18 977 18 985 5 1000 6 
29 19 38 13 42 3 83 3 110 7 129 16 156 19 157 17 160 17 229 13 249 7 264 19 287 13 318 13 338 8 338 11 340 9 399 18 419 17 432 18 438 16 443 4 453 7 460 16 464 14 472 13 498 8 499 9 500 7 523 16 558 7 593 16 651 11 651 17 687 7 692 8 696 5 730 16 759 18 788 17 789 16 798 18 842 4 847 11 852 11 858 18 887 11 889 13 891 17 981 19 
20 5 21 11 44 12 66 1 72 19 80 9 115 3 118 11 119 4 138 9 142 18 170 18 176 16 177 6 216 11 224 11 235 11 240 17 250 6 256 16 259 5 267 16 281 3 282 10 287 12 341 4 388 10 463 5 467 18 471 11 477 19 497 6 516 18 520 6 535 19 538 13 543 15 548 2 633 6 698 5 715 11 723 16 725 4 742 11 754 19 779 13 784 6 785 4 789 5 790 7 815 8 820 17 826 8 840 18 847 10 941 11 942 14 965 15 968 11 
5 16 21 4 27 13 33 5 62 16 68 7 90 4 99 17 114 20 142 11 178 8 224 16 232 6 298 2 307 5 317 20 354 19 367 18 368 17 370 12 372 2 381 16 400 17 414 15 475 11 484 7 495 16 527 17 548 7 564 18 587 2 588 4 593 11 622 17 628 4 632 12 637 13 653 9 673 18 698 7 720 11 731 11 741 16 792 13 816 15 821 13 875 19 889 10 891 6 922 5 928 2 929 11 936 11 964 5 981 9 982 16 
56 1 57 11 73 17 79 5 86 9 103 7 121 10 130 13 146 18 162 19 221 7 245 9 263 4 277 18 300 3 306 6 341 6 348 10 351 16 390 15 396 8 415 11 427 10 435 12 481 14 492 4 525 18 531 13 542 11 573 3 599 9 602 17 604 6 624 9 632 9 639 9 653 18 655 7 663 7 678 6 680 16 688 12 701 19 709 19 766 18 768 5 781 15 795 16 808 6 843 8 857 19 859 19 869 6 880 19 926 19 935 13 966 11 988 5 
5 6 77 4 166 11 171 14 209 17 217 5 249 6 262 13 263 5 293 11 353 19 362 2 424 15 439 8 439 13 474 12 498 10 506 11 521 17 525 5 545 10 612 6 669 18 682 12 691 15 701 5 701 7 711 11 713 8 742 17 764 10 780 11 787 4 811 5 827 5 843 9 874 10 874 18 882 16 896 13 912 8 913 3 917 13 936 5 995 17 
4 6 48 18 63 6 75 20 119 2 120 9 125 8 173 16 205 15 213 6 245 16 248 17 259 4 296 11 318 18 351 18 375 20 487 20 512 18 517 9 556 16 559 18 563 5 570 15 571 18 604 10 611 4 629 11 657 5 673 11 678 11 686 4 695 15 709 7 716 16 741 1 772 13 780 11 847 4 848 10 854 20 857 19 858 6 859 4 867 10 873 5 920 1 924 19 952 5 975 8 985 4 991 3 
26 2 30 10 30 17 31 16 87 7 149 2 150 8 198 16 234 7 268 14 271 10 272 16 289 13 311 11 336 16 345 11 347 11 367 16 402 4 413 19 472 4 502 18 503 15 522 19 569 17 581 16 584 18 587 7 595 12 598 8 606 6 625 7 665 11 669 15 689 1 718 4 746 13 760 5 764 4 805 13 813 11 814 8 829 15 838 16 841 5 843 6 848 13 854 9 857 13 887 16 914 15 940 6 
15 10 24 1 33 11 77 9 77 17 142 15 147 11 179 5 199 5 237 13 249 13 262 13 312 11 333 11 356 12 363 7 375 17 396 8 424 5 425 19 440 11 468 12 480 15 482 11 508 18 536 3 537 12 595 14 609 5 639 11 639 15 640 11 682 17 711 15 730 18 738 18 776 9 779 1 787 19 827 18 831 15 849 9 865 7 938 15 964 6 993 7 1000 11 
49 18 54 17 57 7 81 11 117 17 146 5 146 16 149 7 216 11 231 12 283 18 300 8 375 4 390 5 396 13 425 4 474 15 493 7 498 12 515 5 524 12 542 7 564 11 568 6 584 13 633 10 663 16 681 15 720 19 775 6 810 18 863 11 865 1 871 18 874 5 887 18 941 6 973 17 983 4 
25 18 64 6 81 15 89 18 95 5 101 14 110 2 114 15 129 4 129 20 178 6 180 7 205 17 214 3 318 18 320 17 340 10 345 17 353 7 367 16 368 6 370 3 379 8 392 18 445 3 464 5 464 9 494 19 509 8 513 9 549 9 555 14 570 12 607 11 626 19 628 5 684 9 688 4 715 13 730 15 731 11 761 7 771 5 777 17 792 2 823 18 827 4 852 15 881 14 893 12 897 14 907 11 915 11 942 3 945 2 
4 16 20 11 53 19 64 12 66 14 79 11 96 18 97 13 102 16 114 17 130 2 138 11 152 16 152 17 175 10 177 19 182 9 182 20 227 12 243 15 260 11 262 2 312 16 317 9 332 19 354 8 364 13 369 3 371 9 377 6 403 13 415 6 425 8 437 5 442 5 446 18 465 8 470 18 503 10 522 10 525 11 589 3 589 11 600 9 604 7 607 2 611 7 613 7 628 11 629 17 682 19 694 12 706 13 710 18 740 5 748 16 800 5 805 16 808 17 844 11 880 19 883 2 916 2 922 5 924 19 929 4 978 19 
3 5 8 17 11 16 29 6 32 10 104 2 110 16 118 11 167 16 181 17 200 4 208 13 258 17 272 13 273 11 274 11 278 20 279 3 284 13 296 9 303 11 310 7 314 5 332 10 348 15 383 6 390 16 391 8 394 12 406 11 415 16 422 6 451 6 472 4 473 4 485 17 522 4 535 13 589 12 618 14 630 11 651 9 667 2 672 2 692 14 695 5 713 19 724 1 726 5 736 11 755 7 767 16 793 4 812 7 830 16 831 8 831 19 838 13 879 14 884 6 884 10 926 17 962 19 966 2 999 11 
6 10 8 4 28 18 29 18 45 7 50 6 67 8 75 7 90 18 99 8 100 5 102 13 114 7 158 7 174 19 177 16 226 16 244 6 253 11 260 16 265 17 338 18 366 10 381 17 384 7 410 7 419 9 420 5 445 4 450 11 475 5 547 20 560 2 580 13 583 6 592 13 678 3 681 11 706 19 721 7 735 7 741 11 757 8 763 13 802 11 803 9 804 8 830 12 839 1 860 8 896 16 952 19 
7 5 12 20 67 16 129 7 134 10 155 1 157 8 171 18 190 13 218 7 269 17 270 7 293 14 299 14 307 4 342 6 351 6 421 6 431 5 444 17 445 9 461 11 468 9 497 16 514 3 532 13 540 11 550 13 573 16 607 18 615 7 628 18 633 11 636 6 637 8 701 11 723 18 729 10 751 5 773 19 827 15 876 19 902 3 954 7 992 4 
11 14 13 4 18 14 50 16 54 4 62 7 76 11 84 17 89 8 160 17 168 7 177 6 229 7 241 15 243 2 274 5 284 18 286 7 360 18 395 16 450 15 451 15 456 20 499 16 537 11 541 7 572 5 580 5 591 9 600 11 641 13 673 18 682 11 683 11 692 17 739 3 771 11 772 6 772 13 780 19 799 5 814 18 817 5 827 11 830 13 838 13 839 11 844 8 867 15 894 6 921 7 921 12 947 4 960 6 966 7 967 11 989 4 
2 8 61 5 63 16 63 18 69 8 71 17 73 14 75 17 77 2 115 11 130 14 138 19 234 6 250 4 295 7 320 11 359 19 362 4 396 14 409 19 412 12 420 4 486 16 497 11 504 1 513 19 538 3 540 6 549 19 556 3 566 8 606 4 633 5 634 11 663 11 680 9 702 2 704 7 718 6 741 12 742 14 756 16 773 10 826 7 831 4 856 2 863 11 887 19 912 10 915 15 944 4 996 6 
6 11 11 11 33 6 44 6 78 10 97 7 128 8 135 2 148 10 151 4 156 18 186 2 193 18 201 19 206 11 229 11 231 5 275 6 303 7 316 19 390 19 440 6 447 5 457 19 472 15 491 13 507 4 530 17 551 11 552 9 565 6 592 9 595 15 617 5 621 15 628 15 634 14 667 19 680 16 704 18 714 17 744 13 756 6 764 13 772 11 813 19 821 13 832 5 843 2 873 18 914 11 914 13 919 10 922 11 934 18 986 13 
25 4 29 16 37 20 70 16 86 13 96 2 104 7 116 4 183 2 184 19 191 15 196 16 201 9 210 10 212 11 214 6 256 15 317 10 347 19 373 6 402 12 411 11 417 7 420 7 453 18 484 4 486 13 510 3 532 9 538 20 547 16 574 5 643 13 661 17 698 18 721 6 740 10 743 20 789 18 832 11 845 2 848 6 861 18 917 13 919 4 919 6 928 5 960 6 961 4 964 9 982 10 
24 2 61 20 84 13 106 18 181 11 198 7 224 7 283 5 289 19 291 18 297 4 343 16 345 17 358 10 368 4 374 16 386 11 411 10 429 11 435 5 448 18 451 6 463 16 468 12 474 18 484 6 511 3 523 11 527 15 531 16 541 11 550 20 572 6 614 4 636 5 646 13 669 9 700 16 709 6 716 12 719 13 733 4 745 17 747 11 801 6 841 18 848 13 866 1 890 6 891 16 932 16 937 6 941 3 941 18 956 3 979 11 
70 4 71 20 80 4 91 14 105 4 110 16 134 7 135 11 137 17 167 13 176 7 177 9 208 10 251 10 268 12 273 15 273 16 281 6 290 18 303 1 326 4 359 19 364 2 374 15 421 12 428 18 459 5 482 5 508 8 527 6 558 4 568 19 570 6 575 5 581 13 581 14 617 17 646 4 724 10 737 4 745 5 749 11 762 6 773 11 811 11 886 6 889 11 911 3 913 14 931 4 935 11 943 12 959 15 969 2 969 11 974 7 983 11 984 1 989 5 999 16 
5 14 28 5 33 1 71 4 82 5 83 1 91 19 95 6 104 6 105 1 119 4 125 17 127 8 142 18 151 16 154 6 166 6 180 7 188 4 196 17 198 4 200 10 203 18 270 17 270 18 322 11 327 18 358 13 367 15 378 4 378 19 458 12 480 8 553 5 554 7 561 13 566 17 570 18 577 20 606 7 614 4 622 16 635 7 655 7 656 1 659 12 669 17 678 16 680 7 707 16 711 5 742 8 750 4 755 13 779 2 802 20 804 13 851 16 860 7 871 17 880 5 880 17 929 18 995 16 
8 7 18 11 31 5 40 15 135 7 155 10 159 13 164 11 176 6 201 17 220 3 240 7 299 19 338 3 423 11 457 11 458 1 495 2 509 10 538 6 543 13 547 9 565 17 567 11 567 13 583 6 592 15 620 5 620 16 626 13 627 3 638 11 661 7 693 18 709 16 744 18 750 9 751 19 763 11 786 18 795 3 798 13 806 19 824 11 835 18 842 1 862 11 863 10 866 5 871 18 899 9 905 20 914 4 920 6 932 7 945 11 988 5 998 16 
6 19 38 3 47 13 67 4 100 7 108 16 113 16 126 4 132 13 136 17 137 3 161 6 189 17 192 15 211 19 246 12 283 16 344 10 382 5 401 13 422 2 440 19 443 16 449 5 484 12 486 17 492 1 512 11 524 11 558 12 568 11 573 11 596 9 634 4 666 9 683 17 687 7 697 5 766 17 766 18 785 18 789 17 806 6 820 18 822 11 838 20 866 4 878 8 936 9 941 4 960 18 975 5 986 11 
1 11 6 19 10 11 11 9 85 17 92 16 100 12 125 9 136 16 148 6 173 11 179 5 183 2 191 19 213 20 219 20 254 16 278 16 283 19 301 3 318 16 325 18 329 8 357 4 358 18 365 19 391 17 416 16 434 4 450 5 523 12 525 18 544 18 565 2 566 4 576 15 576 16 584 13 595 11 609 17 630 9 631 1 631 17 667 17 784 11 785 2 785 4 788 19 827 9 885 18 900 6 907 11 909 5 920 18 922 19 934 7 944 2 959 8 962 16 967 5 992 7 995 18 996 7 997 19 
2 7 41 12 59 7 92 19 107 1 134 12 148 18 158 2 163 7 169 16 185 5 196 11 212 17 215 7 222 11 260 1 265 2 266 18 270 7 281 16 290 8 301 11 301 15 334 16 338 5 349 4 370 18 376 2 414 11 424 17 441 4 462 11 470 6 476 11 478 6 547 16 570 4 644 10 659 15 679 8 708 5 710 16 719 15 723 9 739 1 802 5 812 6 814 5 858 14 872 15 881 11 888 3 908 5 954 18 969 12 980 17 1000 10 
25 2 31 11 40 8 66 5 141 12 142 19 156 15 171 16 208 14 226 5 252 5 305 19 310 11 329 20 339 11 340 5 341 2 341 10 367 5 394 12 398 6 403 5 410 9 413 13 433 18 457 9 458 19 472 8 485 5 521 11 565 5 581 17 585 17 590 20 666 18 668 19 693 11 700 10 701 6 738 5 759 4 764 19 770 4 779 16 859 4 922 18 935 4 971 18 
22 6 43 13 57 11 74 16 102 19 104 6 127 4 130 19 192 13 215 14 291 7 300 14 350 1 360 11 371 19 372 16 380 6 432 19 450 4 455 7 483 18 490 17 496 19 519 8 525 4 527 16 538 18 540 15 549 19 600 1 600 16 611 6 615 20 631 11 657 2 661 18 676 15 681 16 714 10 744 20 805 16 816 11 825 18 837 16 848 19 852 5 862 6 877 6 893 18 911 2 916 2 932 11 997 11 
28 17 60 11 63 7 113 17 125 4 148 15 159 7 196 3 223 4 226 19 232 4 236 9 266 20 281 14 282 18 287 9 341 16 357 6 372 12 406 19 432 11 438 4 443 7 447 17 454 7 473 6 479 6 512 10 512 12 562 12 585 11 586 9 589 15 628 19 683 7 691 10 707 3 759 8 760 12 760 16 766 6 774 10 781 4 799 13 836 16 839 16 863 13 
5 7 7 17 54 1 80 4 99 4 100 18 166 18 180 19 181 14 181 17 187 18 224 17 245 8 262 17 291 5 304 6 361 7 367 17 412 1 484 4 487 17 551 6 551 7 562 15 602 3 607 11 636 11 670 11 732 4 743 5 746 16 750 4 752 18 771 5 785 4 796 17 818 2 850 19 886 5 904 6 910 18 943 17 946 16 979 4 979 6 990 4 995 12 996 4 998 5 
15 17 30 14 38 11 56 19 66 18 83 9 84 11 92 17 107 2 138 2 154 10 194 17 197 6 234 17 246 15 264 6 291 11 295 12 309 19 324 7 377 11 384 6 395 1 425 13 432 5 434 9 463 7 467 19 485 11 495 18 498 13 540 7 540 14 577 6 607 6 611 6 611 9 615 10 621 11 647 16 683 11 688 3 697 12 715 19 754 15 763 5 817 11 821 19 840 2 852 10 872 10 887 12 887 17 931 17 972 7 977 18 979 19 986 5 994 16 
34 6 35 19 39 16 44 20 60 11 116 5 147 18 226 4 238 5 280 18 315 8 358 11 367 5 370 11 410 1 417 18 419 2 439 17 455 1 463 3 482 15 499 11 510 5 543 14 557 15 573 17 589 16 594 19 627 6 650 18 687 15 704 17 705 19 711 16 724 16 741 18 752 8 756 11 756 19 774 18 784 3 812 18 825 8 841 18 855 16 863 5 883 15 931 8 934 15 945 5 958 11 968 1 971 14 991 20 998 17 
5 1 16 10 33 4 35 5 36 19 44 6 64 12 104 7 113 11 126 8 136 1 150 10 159 2 171 12 181 16 203 7 280 12 286 7 294 17 299 6 306 13 319 8 334 4 358 11 373 18 383 19 386 16 409 17 426 14 456 13 495 11 495 17 510 18 512 6 536 4 571 5 590 4 597 5 600 17 610 19 619 10 632 11 638 3 648 6 652 13 726 7 805 5 811 13 820 8 852 15 861 15 881 3 899 17 906 2 955 5 956 9 960 5 
11 7 30 14 44 6 59 4 67 20 82 4 148 18 165 17 210 6 247 9 256 9 264 11 267 18 293 12 309 1 327 1 342 4 359 8 376 20 392 10 414 11 416 18 421 12 423 17 427 6 435 11 463 17 478 4 502 4 504 10 524 11 539 17 571 4 571 16 598 11 600 10 602 8 632 12 684 4 723 11 734 16 753 11 757 2 789 19 795 16 816 9 828 9 881 3 887 3 887 16 892 4 921 5 945 5 956 13 
6 16 11 6 12 6 38 17 81 10 84 16 123 18 131 12 146 11 181 20 214 2 214 8 214 16 276 16 291 6 293 10 312 5 328 19 364 11 374 16 377 13 384 5 408 18 421 8 453 9 476 5 501 4 506 7 509 13 515 9 531 5 545 18 555 11 560 20 588 18 598 20 629 18 663 20 670 12 689 8 689 19 697 5 708 11 739 5 746 16 757 18 766 19 781 15 786 18 812 6 814 1 825 5 832 15 833 8 851 11 898 18 899 5 939 9 945 6 991 6 996 11 
43 16 53 6 62 19 77 5 89 19 93 18 95 12 106 6 111 18 114 6 120 9 218 18 237 7 242 7 247 16 251 6 264 18 267 16 273 16 278 15 294 6 315 4 319 17 333 7 337 19 356 15 370 9 380 3 422 15 438 10 470 8 485 19 533 13 581 6 611 15 656 11 665 20 674 17 695 3 711 13 726 6 748 19 749 9 792 4 840 8 861 5 867 9 871 11 877 19 890 10 905 13 910 4 922 6 944 10 971 4 
3 6 10 11 19 5 27 10 41 4 72 18 81 14 85 11 102 15 155 9 166 7 190 4 194 17 196 2 228 7 235 7 237 13 242 20 254 11 287 17 306 9 325 4 369 4 372 18 384 18 391 11 392 2 393 8 395 2 412 18 417 7 435 12 456 16 470 1 510 4 514 17 517 4 521 15 529 10 536 2 548 5 560 4 647 18 648 8 650 16 663 4 696 16 726 10 747 7 758 13 781 13 784 19 817 2 846 9 851 9 862 2 865 10 898 6 914 7 949 1 955 19 990 7 1000 5 
3 19 24 5 71 16 79 10 88 6 93 7 101 3 123 5 124 4 139 20 183 2 194 4 218 4 237 7 249 4 276 12 310 16 326 19 390 16 415 11 444 13 456 5 466 17 477 15 481 6 504 18 543 19 554 1 573 16 591 17 592 2 603 2 610 6 635 16 654 3 684 4 688 18 694 17 714 18 715 13 724 18 738 7 744 7 775 9 797 16 802 4 807 9 832 18 892 5 892 17 910 7 911 18 932 5 933 9 938 17 955 11 966 14 968 11 970 4 972 5 987 16 
41 15 47 18 52 14 53 11 70 16 73 4 74 10 74 19 80 5 84 9 95 15 102 18 110 6 142 18 148 10 158 9 172 11 190 5 262 16 272 7 300 13 317 11 332 1 357 19 401 18 403 5 445 15 460 17 513 16 521 16 526 17 527 9 589 7 597 11 603 18 605 8 637 5 637 8 687 11 705 5 708 12 710 13 716 11 729 11 735 4 740 16 748 20 762 18 772 6 796 16 799 20 802 16 823 12 902 20 920 18 952 10 960 11 
80 6 81 4 96 19 97 14 133 4 208 7 222 9 241 11 248 11 251 11 329 17 349 11 350 17 408 11 414 11 416 2 416 11 438 17 463 6 478 10 497 18 505 8 565 18 578 11 579 11 700 5 721 6 758 2 775 8 781 16 785 10 789 1 798 7 824 17 833 4 862 16 863 6 874 15 874 18 887 11 905 4 966 19 970 17 975 12 989 13 
3 16 4 19 6 3 29 3 94 11 110 15 130 9 151 7 165 20 166 8 206 20 208 10 209 16 233 16 239 19 248 6 296 15 332 2 337 5 353 13 378 18 382 11 384 13 403 5 422 13 426 2 441 19 498 9 501 18 506 15 529 15 542 7 547 11 548 6 553 15 558 5 570 19 581 20 582 4 596 17 616 5 618 12 632 8 643 3 646 11 658 6 661 14 696 11 710 11 716 7 723 6 735 16 758 7 820 1 823 20 824 16 832 7 833 12 838 5 847 18 849 1 852 18 861 11 863 16 870 9 886 18 897 16 916 6 918 11 972 5 974 4 977 3 987 18 
24 12 40 17 44 17 84 13 88 10 134 3 139 17 170 15 193 16 234 17 247 4 294 13 322 4 324 11 347 5 390 16 432 2 464 11 496 3 502 18 579 8 587 10 634 10 637 10 655 10 690 5 701 13 753 17 830 15 838 16 852 5 903 13 934 5 944 17 
22 16 36 5 37 4 47 19 50 9 58 7 81 17 90 7 103 7 105 13 144 1 169 19 173 13 182 7 188 5 199 7 260 14 272 17 351 6 359 14 396 11 402 19 412 13 458 11 475 1 479 6 513 14 577 16 591 10 592 16 600 5 703 4 727 6 761 5 766 14 773 6 789 18 810 6 838 8 838 19 842 8 857 19 881 11 884 18 894 9 903 3 911 17 917 10 918 11 932 7 959 6 989 9 991 18 
4 5 88 16 115 18 146 6 171 20 189 13 202 5 221 18 226 13 237 18 246 6 254 19 280 15 294 2 305 11 315 11 338 16 376 18 379 14 398 10 419 17 422 19 423 8 440 16 454 8 462 8 517 4 528 11 537 5 560 7 566 14 572 16 576 6 576 19 578 15 580 5 582 6 587 11 598 2 602 19 610 9 611 20 618 9 624 7 627 12 637 17 639 16 649 17 667 3 672 16 697 19 710 11 722 11 747 6 748 5 750 17 753 7 776 17 778 7 799 20 831 5 836 2 837 13 886 3 900 6 905 18 939 18 951 1 961 5 
15 11 21 2 47 11 51 11 92 1 93 7 134 6 138 17 169 11 189 8 210 16 254 10 287 7 306 2 321 5 333 4 349 7 356 11 358 16 379 5 396 20 414 5 428 8 457 18 468 7 520 9 538 7 547 11 549 3 549 4 564 8 588 6 589 20 602 19 611 13 618 15 622 4 633 5 650 16 653 11 684 17 685 7 708 8 711 16 732 4 742 11 755 4 771 16 776 13 788 11 796 11 810 16 820 6 828 7 848 17 915 10 916 11 943 19 980 18 996 6 
58 10 79 9 92 8 112 10 121 5 128 5 171 18 190 18 210 19 219 20 294 16 315 6 322 6 342 5 345 11 366 17 375 5 394 13 405 9 413 5 417 8 444 17 450 5 452 7 458 16 504 19 505 4 508 17 518 16 519 4 520 19 521 9 559 15 584 2 675 11 683 18 685 10 686 19 688 17 689 4 693 11 696 19 697 18 717 8 733 4 761 2 797 18 798 10 800 16 815 5 817 1 820 3 822 12 855 17 863 19 870 10 898 17 941 6 943 11 960 19 965 9 965 16 973 7 991 19 
9 18 10 2 59 19 86 5 102 20 106 17 123 11 127 18 134 4 138 17 166 19 178 5 191 17 227 18 228 13 306 5 325 15 387 5 414 14 420 4 425 5 437 10 438 8 452 7 474 17 512 2 577 18 631 7 631 11 647 7 675 7 712 16 712 17 727 5 744 18 746 9 753 18 775 14 792 8 792 13 794 4 831 6 861 16 877 11 942 13 947 9 972 13 976 9 991 7 997 10 
29 9 52 11 55 7 62 17 69 19 79 9 94 13 106 19 120 6 134 4 137 14 171 5 210 15 238 8 254 17 262 17 278 2 279 10 288 19 298 11 305 5 331 2 344 15 347 11 392 11 423 11 423 13 455 6 520 18 522 7 533 7 538 11 541 11 543 11 563 17 567 5 568 16 571 17 613 9 620 4 625 7 631 10 642 2 648 18 659 5 665 6 671 5 673 13 680 7 690 4 727 19 742 9 768 13 794 18 829 20 839 16 852 6 892 4 896 18 898 5 924 11 934 11 953 16 961 2 979 5 996 3 
13 19 14 16 17 18 49 11 50 7 74 7 79 12 104 9 115 4 176 13 196 12 209 13 211 3 275 12 289 7 308 16 323 19 324 5 350 3 358 4 391 16 399 11 403 11 409 18 416 5 524 19 546 16 561 18 580 11 582 6 660 5 665 17 676 11 698 6 729 6 735 17 752 7 788 10 793 9 799 13 826 18 836 19 849 5 852 11 857 17 869 17 940 18 952 2 975 7 989 11 991 11 992 6 998 9 1000 13 
6 5 30 10 50 5 63 2 64 4 85 10 103 19 105 18 113 5 128 2 136 16 151 19 191 2 224 8 253 15 308 19 313 15 350 19 356 10 367 17 387 2 409 16 410 6 472 8 501 16 505 6 531 4 548 7 551 4 579 11 586 19 613 4 628 19 645 11 680 4 689 6 706 5 778 7 778 19 792 9 803 20 845 19 886 10 903 13 969 12 976 6 
2 10 11 10 18 11 35 10 38 7 55 10 75 10 133 4 134 4 140 8 147 19 161 8 165 2 167 2 224 18 229 8 252 7 274 8 285 1 293 11 307 13 312 6 329 5 332 18 344 15 347 5 355 5 369 5 374 1 382 19 389 18 412 8 462 18 465 9 496 18 521 6 530 16 537 19 545 7 555 15 567 5 584 20 593 19 596 20 597 18 598 6 600 6 610 18 612 13 633 15 635 7 669 17 678 17 711 7 726 11 743 3 752 2 773 2 801 11 823 20 830 9 841 14 860 2 877 19 886 10 895 7 910 11 921 17 923 7 983 8 995 6 
1 10 25 18 26 11 78 11 114 12 139 19 160 19 188 5 191 11 206 17 224 8 236 10 249 11 259 17 276 20 316 5 317 4 324 14 337 11 371 6 395 5 449 5 513 5 539 6 546 7 569 16 572 6 574 6 579 6 584 6 585 6 591 16 602 7 603 8 604 15 632 17 644 2 646 11 690 11 694 13 696 4 696 18 717 16 726 4 739 17 755 16 779 12 781 16 784 10 793 8 828 6 831 4 842 11 852 17 881 11 882 11 886 12 907 8 913 9 932 4 939 11 963 11 966 5 970 8 976 17 982 18 985 4 988 10 
2 14 31 12 33 19 37 16 44 1 63 7 102 16 126 17 211 16 215 19 244 17 252 18 302 11 306 19 313 1 325 4 374 17 391 15 394 9 407 4 407 13 409 18 416 7 427 12 445 16 459 6 485 9 498 20 505 10 533 4 569 18 587 17 609 7 628 9 666 17 694 7 695 5 735 17 762 15 790 11 803 7 803 20 825 6 830 17 881 5 897 13 925 2 940 19 948 7 972 20 1000 15 
12 13 33 18 40 20 45 5 53 18 56 10 58 2 66 2 83 16 108 18 121 16 125 18 127 4 141 8 145 10 149 3 159 13 183 6 186 18 195 10 215 17 220 18 261 16 269 17 291 11 292 2 314 8 346 18 372 6 407 17 455 13 466 17 506 20 507 11 530 11 551 2 554 16 574 17 576 4 597 11 602 5 604 16 607 7 625 20 629 19 646 17 647 16 647 19 654 1 658 1 671 6 701 18 713 4 714 11 719 1 722 17 737 2 751 20 755 10 755 17 788 2 821 18 855 4 892 9 894 16 917 16 929 6 951 19 991 5 
1 4 5 11 35 10 44 15 49 5 50 7 51 5 101 16 126 11 138 16 141 20 161 18 187 8 192 6 197 2 208 10 218 14 283 17 290 11 300 8 307 16 352 18 362 19 369 8 371 11 386 11 411 10 414 5 420 13 461 5 472 5 494 16 525 1 547 17 575 3 597 6 624 11 627 2 664 3 698 4 734 5 749 11 750 18 757 19 763 4 763 13 766 1 769 6 805 11 809 11 828 10 855 17 862 4 873 11 902 1 961 6 985 3 
44 16 72 13 79 2 84 10 89 18 93 4 109 7 109 17 124 2 124 4 185 4 227 11 235 9 239 6 241 6 242 9 252 2 256 6 262 17 277 5 310 9 377 18 399 8 419 11 422 16 456 15 507 11 523 5 546 1 569 4 603 16 649 6 659 4 672 13 701 18 723 4 774 5 785 15 792 7 799 17 803 7 840 18 935 6 941 15 947 14 957 11 993 10 
6 8 13 11 17 7 57 16 87 4 126 15 134 11 140 11 147 20 156 19 164 17 217 5 224 8 244 5 266 11 291 11 330 10 333 8 401 13 427 7 442 7 443 19 466 9 466 11 480 7 505 16 553 4 588 6 636 18 681 16 682 16 725 17 727 8 752 11 802 18 816 5 829 18 830 6 833 9 838 8 840 18 845 6 859 7 938 13 960 3 979 13 991 12 
7 18 47 11 63 11 76 19 102 9 110 6 126 2 170 6 177 18 178 5 182 18 197 8 221 16 240 20 293 11 308 18 348 17 371 19 379 9 398 11 401 4 411 5 435 5 436 9 475 4 499 7 551 11 608 16 611 6 653 1 658 2 662 2 663 20 681 6 693 18 704 18 705 8 720 4 730 11 767 18 770 9 773 1 782 18 788 10 797 1 800 15 803 16 811 13 819 5 837 18 838 8 849 17 855 14 858 17 859 5 878 16 885 11 887 11 920 19 949 7 
23 1 56 5 65 9 108 7 117 10 133 11 145 6 147 17 148 19 160 7 187 4 235 18 240 2 244 18 252 6 267 11 269 17 352 13 387 7 418 3 424 9 506 17 528 6 533 4 534 12 544 16 556 13 574 16 576 12 576 19 582 6 585 2 593 2 611 4 663 19 678 2 696 16 704 17 706 4 732 4 769 20 782 1 783 18 858 2 870 5 873 5 880 8 909 15 929 1 948 16 969 6 972 15 973 4 999 18 
15 17 22 7 52 2 86 9 124 10 140 20 149 5 173 11 218 18 226 16 240 11 260 10 298 1 376 20 387 10 394 12 397 19 419 18 438 16 443 13 477 1 477 6 502 11 511 1 521 13 524 13 529 10 545 12 546 20 549 10 584 3 589 1 606 10 609 20 669 18 677 9 705 8 734 7 741 18 744 6 749 6 759 5 779 11 787 13 788 20 789 7 806 10 852 8 852 15 895 18 898 11 940 18 949 17 984 13 985 6 989 3 
31 18 35 18 49 4 64 11 77 18 99 17 122 19 148 15 149 6 156 4 199 2 210 5 237 16 300 14 315 5 333 6 383 5 391 6 416 12 435 6 438 13 451 7 458 10 466 20 474 14 485 20 504 4 505 7 510 11 516 12 519 11 536 3 578 17 628 2 634 1 636 9 676 20 759 17 817 17 830 16 853 13 874 16 879 7 917 19 919 11 931 16 962 5 965 6 976 13 991 18 1000 16 
13 11 39 17 83 17 89 2 97 11 115 3 124 5 132 16 146 2 156 11 171 6 180 6 185 18 198 18 207 11 217 18 230 18 231 20 247 5 257 11 277 7 280 12 281 7 281 17 282 17 291 14 294 14 298 18 312 4 327 18 416 16 416 18 455 4 455 10 490 5 493 19 498 15 531 11 568 11 600 4 602 1 605 4 606 7 614 6 659 18 660 6 662 16 672 5 710 11 780 6 784 11 794 11 798 15 802 2 823 18 840 17 843 7 851 13 859 5 870 18 874 11 907 18 918 5 934 18 
134 12 141 18 141 20 185 6 190 1 195 18 211 2 255 16 262 1 309 11 312 6 314 4 340 18 350 4 372 16 385 9 386 18 417 4 419 6 479 5 496 10 511 13 533 16 537 6 552 11 559 5 621 14 660 18 685 12 687 11 695 18 717 2 755 11 759 10 786 17 842 4 864 5 881 10 934 6 944 17 987 9 999 17 
31 11 44 18 66 10 71 7 78 12 100 13 102 14 104 2 118 13 122 4 129 15 178 11 178 15 183 2 186 4 246 9 247 10 248 6 273 7 301 11 312 5 316 18 323 4 326 9 340 6 343 11 353 4 354 12 354 16 369 6 395 11 431 15 436 19 485 2 516 17 532 7 556 7 558 19 567 5 586 9 586 13 589 1 613 7 614 11 640 5 641 4 667 17 694 3 714 1 722 17 819 15 886 11 936 19 944 18 
58 16 68 6 85 11 124 16 186 3 253 4 255 6 257 19 312 10 315 6 343 16 371 17 379 2 436 19 477 5 511 10 512 10 515 16 528 18 531 6 543 7 561 19 571 17 580 1 600 16 678 5 693 7 694 14 701 16 740 5 758 17 765 16 777 17 809 7 821 8 866 5 
42 5 54 19 60 11 98 11 134 19 156 9 196 6 226 14 232 17 237 4 257 18 269 6 308 19 325 11 350 7 353 7 372 4 399 6 424 18 481 6 492 6 547 5 549 3 560 10 661 14 664 8 669 11 678 18 681 14 689 11 701 7 741 16 761 7 786 18 800 16 805 19 877 20 916 15 922 14 928 16 941 5 960 13 970 1 984 4 994 16 
21 8 42 17 57 16 69 2 123 20 134 18 168 7 169 17 173 5 180 11 230 1 274 17 277 5 316 11 335 15 343 18 377 2 386 7 488 12 492 4 504 11 547 17 563 18 567 17 582 19 594 1 603 6 661 4 692 4 694 19 715 15 717 15 739 16 743 18 744 19 794 11 843 16 846 6 853 9 855 9 860 9 876 17 892 10 912 7 925 15 931 11 997 11 
28 11 48 11 65 13 96 13 104 12 114 16 140 11 142 4 182 9 200 18 241 6 257 6 295 13 296 15 340 16 347 13 352 6 364 6 389 19 392 9 401 20 435 9 447 4 464 18 465 8 468 15 474 4 478 5 529 19 537 19 543 12 553 5 570 7 592 11 607 18 610 11 612 20 619 11 621 6 623 16 631 6 641 17 649 20 667 14 673 10 674 11 688 8 696 17 697 7 721 18 729 6 815 14 822 5 836 1 852 15 916 13 917 7 927 6 938 19 969 18 981 12 
11 6 13 16 17 16 31 19 47 13 97 19 112 16 117 20 118 15 130 8 134 11 151 9 161 13 166 19 185 5 186 8 188 5 188 7 214 17 247 5 248 8 252 11 267 2 308 1 327 4 339 5 348 13 400 17 426 7 426 13 428 11 430 18 447 7 468 5 497 5 513 6 534 19 540 9 567 13 575 13 589 6 592 3 629 5 640 16 642 4 645 9 675 18 734 8 750 6 791 5 793 5 825 19 828 6 898 19 904 4 905 11 925 19 932 16 944 16 945 5 959 19 960 6 
29 3 48 10 56 18 107 1 128 19 141 11 148 16 152 19 177 7 201 10 203 11 209 16 211 19 234 4 234 8 283 4 296 20 302 13 309 9 328 11 345 18 349 7 367 16 417 4 427 9 436 4 437 7 446 2 460 19 467 19 496 10 616 11 620 13 635 4 660 1 662 7 718 13 746 11 769 4 780 20 805 2 891 13 892 7 958 18 971 16 973 12 984 19 987 17 988 4 
1 7 25 13 49 17 57 5 119 10 165 19 194 10 220 5 234 15 315 6 318 16 332 6 335 5 372 4 372 5 376 9 379 11 410 12 449 7 489 5 503 4 517 17 525 2 542 11 549 18 553 17 559 2 559 9 576 17 588 19 593 19 690 3 695 11 705 13 706 5 721 20 744 7 771 5 828 20 836 18 844 11 852 19 862 15 897 6 898 17 929 9 959 20 998 4 999 14 
3 19 30 18 35 16 42 9 42 16 62 15 126 18 136 19 155 18 169 6 210 10 219 6 219 17 219 18 234 13 243 18 259 16 266 9 302 12 303 18 345 11 353 18 355 11 391 11 394 18 402 7 425 16 448 8 470 19 480 11 481 7 500 9 507 11 533 16 536 4 538 8 545 7 568 7 588 19 627 12 637 10 649 11 686 4 699 15 705 18 737 17 788 18 790 15 843 17 888 18 898 19 899 19 912 17 930 15 936 19 943 10 951 7 957 16 983 18 999 6 
21 7 27 17 33 8 38 17 67 14 76 9 139 11 158 5 172 18 175 18 177 1 193 17 229 9 231 5 247 7 287 5 293 12 322 16 325 11 343 7 345 16 359 9 359 16 371 4 372 16 377 6 432 13 456 5 459 4 488 18 495 6 499 13 503 14 523 18 548 17 554 5 559 7 563 7 590 18 601 10 615 11 647 6 687 19 820 11 821 20 833 11 848 17 858 15 896 19 901 11 940 17 943 16 945 5 946 7 962 6 967 2 988 6 
45 11 63 1 75 11 117 7 135 7 141 16 158 7 172 5 180 11 211 1 250 18 253 14 266 2 293 5 301 16 325 5 326 12 338 13 363 16 374 5 376 2 378 19 388 17 438 7 481 16 484 6 490 6 545 5 554 2 568 5 593 18 598 6 606 18 634 4 640 18 641 6 649 18 699 10 737 4 755 7 795 4 809 13 850 7 861 12 879 12 894 17 931 11 958 12 963 6 964 15 969 12 983 18 995 19 1000 14 
7 14 20 17 25 15 48 11 55 4 89 20 91 10 100 16 139 11 143 5 172 15 173 9 175 6 184 11 231 18 243 11 245 4 252 5 313 6 324 10 369 7 384 15 394 9 395 17 476 3 480 19 484 17 496 12 509 5 541 14 542 17 549 16 572 15 573 3 589 11 590 16 618 16 619 18 622 6 624 5 629 17 634 6 636 7 683 19 698 17 739 17 744 18 775 5 776 7 795 17 817 10 821 8 851 16 873 11 892 10 913 16 914 12 938 19 959 3 967 10 982 6 997 11 
70 11 92 17 98 7 114 16 117 16 156 17 166 6 180 6 223 6 242 16 262 2 305 18 317 1 336 12 394 17 419 5 422 10 422 13 433 6 471 17 487 12 492 6 503 18 536 4 562 15 570 10 586 2 589 2 592 5 619 11 653 5 661 11 690 6 694 1 749 11 771 18 772 16 790 17 792 16 813 6 874 16 916 1 984 18 
4 17 8 13 32 11 33 6 35 9 72 9 81 11 83 5 94 3 113 5 123 18 127 13 130 6 136 8 136 16 158 11 167 4 200 11 234 18 237 16 255 16 270 11 287 14 295 4 307 5 331 11 345 4 353 8 430 6 430 16 438 1 460 5 468 4 481 13 499 5 502 17 520 6 521 19 533 17 610 18 681 4 686 11 697 7 705 13 723 9 781 11 817 7 880 7 892 5 933 2 975 19 977 14 983 11 992 16 993 3 
9 16 19 5 20 7 22 11 36 13 45 19 51 11 111 16 130 11 159 18 171 5 196 2 222 5 240 19 282 10 287 7 296 16 305 13 339 16 340 14 357 4 359 4 392 6 399 5 417 11 441 2 477 10 485 5 506 18 522 6 539 5 577 19 578 9 603 5 607 5 613 18 665 17 727 4 775 13 786 10 797 4 831 18 861 16 876 3 879 11 889 13 903 11 903 17 908 7 912 20 972 7 978 7 983 11 986 2 
44 18 52 16 62 6 75 19 91 6 148 19 159 14 162 6 163 6 199 16 206 18 216 13 220 11 223 11 233 6 265 7 282 7 306 6 308 18 326 13 355 17 369 19 382 12 399 19 404 20 409 3 425 11 441 4 457 11 462 11 508 2 510 7 539 5 541 11 549 7 556 10 666 4 694 11 698 11 776 6 779 14 812 11 821 5 829 5 836 13 839 3 859 5 931 4 940 18 986 19 1000 20 
2 16 35 9 58 17 59 19 71 12 94 11 97 14 110 8 168 9 176 15 192 14 200 9 215 10 217 16 221 11 230 12 232 11 241 18 250 8 262 8 276 16 304 11 308 7 354 18 356 8 370 15 384 6 396 7 425 4 488 19 504 8 540 5 557 11 570 7 583 16 589 5 602 17 640 19 662 7 668 4 670 17 685 19 690 4 705 19 708 11 717 6 728 11 748 11 753 17 790 4 819 7 831 5 850 6 859 7 860 11 886 7 916 7 965 1 
4 2 14 2 14 5 34 15 98 11 108 4 117 1 180 11 181 13 222 11 259 11 259 17 265 19 270 19 279 2 306 13 325 3 326 5 333 13 338 11 345 19 349 10 371 1 374 11 382 15 418 18 470 7 481 15 486 4 493 4 497 7 543 6 550 6 576 4 578 6 580 19 608 11 610 18 627 15 640 6 642 11 647 5 655 4 675 11 675 13 730 11 732 17 765 16 769 14 802 6 808 14 812 4 823 2 831 13 843 3 863 4 881 7 900 6 912 4 933 11 948 17 957 4 968 7 976 19 
49 5 55 11 82 7 102 13 110 18 139 10 149 16 157 17 158 2 158 11 160 6 184 16 218 11 244 6 251 18 252 4 263 10 299 7 302 17 313 7 332 2 343 3 352 2 366 13 371 3 380 17 388 7 394 16 435 11 472 16 477 17 479 11 483 19 500 5 506 6 523 11 526 11 583 12 583 16 584 8 607 11 648 17 666 11 707 13 728 4 736 17 804 18 807 8 826 11 832 15 844 19 847 20 850 17 872 8 878 6 895 3 902 4 905 10 915 1 927 8 927 17 932 2 972 19 
8 9 13 6 22 7 44 1 52 5 90 16 92 2 119 12 131 3 142 6 146 6 177 7 186 18 201 18 207 8 227 13 275 16 284 10 313 11 317 15 337 11 371 11 379 5 382 18 387 15 403 8 415 7 435 4 510 19 515 6 519 11 529 12 540 13 565 6 567 6 604 7 646 17 649 7 676 15 696 11 745 18 766 15 781 2 804 4 837 16 850 6 860 6 861 13 900 13 912 12 923 10 927 17 937 16 982 4 
17 4 54 15 57 5 63 15 68 10 80 6 137 6 155 2 199 16 212 11 235 7 258 13 322 18 355 4 361 11 379 9 381 11 405 8 411 11 418 11 442 12 448 13 462 3 465 19 467 9 468 11 488 6 499 18 507 6 512 3 553 17 553 19 569 9 594 18 641 11 641 19 654 17 660 13 665 19 700 9 705 16 723 17 724 4 727 4 736 7 765 6 766 9 772 11 776 16 780 19 824 7 848 9 900 13 902 4 943 15 945 6 967 7 989 9 
5 2 48 10 87 4 91 19 94 5 108 14 139 11 201 5 232 11 268 9 275 15 278 18 331 6 391 5 402 5 506 17 508 11 514 14 517 7 555 16 560 8 571 9 619 4 630 11 631 6 640 13 647 10 661 1 667 18 693 8 694 18 707 9 709 19 715 5 724 7 737 17 743 4 770 5 816 19 853 16 870 9 873 11 874 5 876 19 880 11 890 1 891 13 926 11 943 4 952 16 992 15 
34 16 53 16 103 3 115 12 135 5 142 4 164 7 195 11 195 20 225 19 227 13 239 19 263 16 274 10 275 11 299 9 325 13 348 6 355 15 381 16 395 5 402 17 409 20 412 15 421 12 451 5 474 7 506 16 506 19 510 6 522 11 548 11 553 19 580 16 587 6 589 17 592 17 624 6 631 7 647 4 650 3 689 16 702 5 707 4 708 19 709 10 748 19 750 9 750 11 787 5 818 16 825 6 833 6 850 18 863 11 888 12 907 13 909 16 927 10 947 7 962 6 977 7 979 5 
38 7 57 18 69 5 71 6 72 11 78 13 79 8 82 18 97 18 124 18 131 10 139 19 153 18 154 11 172 11 176 17 180 11 189 3 193 11 194 1 200 20 220 12 233 18 249 18 261 3 261 13 263 19 267 13 268 15 320 10 323 10 339 7 341 12 343 1 370 12 374 16 385 11 402 10 408 11 415 3 416 17 421 19 440 11 483 11 499 11 526 6 534 10 535 17 555 18 564 13 583 15 589 5 592 18 656 7 667 17 673 19 756 4 758 18 781 6 794 17 798 5 801 11 896 17 905 7 920 11 923 4 935 11 944 2 945 5 951 13 
28 16 32 7 66 18 84 10 142 11 150 10 153 19 159 17 177 5 178 16 196 1 214 19 217 6 226 5 282 13 286 18 292 11 295 17 316 7 329 16 330 18 346 9 397 18 405 5 478 10 479 9 509 16 528 11 535 19 542 4 600 1 603 7 619 2 619 3 635 1 646 12 651 9 668 18 680 7 697 7 748 11 754 7 773 17 785 16 830 18 854 8 855 20 856 11 864 17 886 19 916 19 921 2 944 6 953 19 961 9 
85 18 122 3 159 19 194 14 204 6 207 4 211 19 344 7 352 19 373 4 402 11 409 18 416 4 424 10 436 16 460 6 477 20 505 2 514 15 540 7 545 19 580 15 605 12 675 11 713 16 730 12 780 6 784 10 806 5 846 18 848 5 850 16 909 5 937 18 938 2 954 18 970 13 975 6 
19 16 22 2 23 1 26 17 33 17 90 3 95 20 104 18 112 8 138 15 143 2 159 3 179 17 215 14 231 17 267 16 283 4 336 11 348 2 402 13 417 8 440 6 451 19 458 17 511 7 511 18 515 18 522 16 533 19 571 18 593 16 594 8 622 11 630 5 632 3 638 6 641 2 655 19 658 4 660 11 666 18 688 18 692 5 704 8 705 2 723 19 729 11 740 6 769 8 788 18 823 7 825 8 854 13 869 5 871 12 873 8 908 11 935 3 939 4 956 6 958 7 958 19 959 7 981 19 
6 16 20 19 40 11 44 19 46 8 65 9 75 17 83 9 83 16 104 7 123 11 133 15 143 10 167 10 192 5 194 10 199 16 208 6 225 6 254 18 309 5 332 13 372 13 377 8 383 7 461 20 474 4 486 6 489 10 490 6 502 2 562 7 565 4 572 5 583 4 595 12 626 18 655 15 717 6 760 7 781 11 796 4 799 18 812 8 818 7 835 3 855 6 857 2 870 2 876 5 891 13 909 13 917 3 934 13 935 6 935 15 946 11 981 19 998 11 1000 11 
26 18 109 13 113 19 154 8 157 4 184 11 199 5 203 9 269 6 279 4 297 20 299 4 310 16 333 8 334 11 348 6 354 11 358 16 366 11 371 4 400 16 461 5 489 19 492 11 507 16 515 4 529 10 539 13 541 19 553 5 553 7 557 6 585 9 589 16 595 11 619 9 656 3 698 15 699 16 702 10 783 12 809 11 829 3 879 10 890 16 893 18 894 13 917 15 932 15 943 6 943 18 983 10 998 5 
24 6 55 4 102 19 164 16 169 4 181 4 257 8 270 3 275 9 277 11 286 11 290 16 316 6 320 13 357 8 368 17 377 10 408 1 416 10 433 5 443 16 452 6 499 3 510 11 525 17 532 12 538 3 544 2 552 9 571 17 600 7 606 11 629 5 635 4 671 13 711 15 723 3 732 5 799 11 804 16 809 1 873 12 874 16 922 4 927 10 932 7 947 10 948 5 954 5 959 11 981 8 
41 18 48 17 63 6 78 17 85 4 92 14 95 7 107 13 112 5 160 11 164 13 166 11 215 4 216 7 219 18 244 5 258 3 265 17 275 5 293 16 298 17 303 11 326 5 367 6 405 18 406 19 431 16 461 5 474 16 480 7 506 14 544 16 550 2 550 18 558 18 592 6 614 6 622 18 634 17 640 7 640 12 652 17 668 4 677 5 710 16 724 6 733 16 736 4 791 7 801 11 811 14 813 4 826 6 826 10 863 11 878 18 884 10 896 15 924 18 994 7 
7 18 29 6 34 14 55 17 64 15 102 4 105 8 121 18 133 9 135 19 170 18 187 16 234 5 236 1 257 4 266 16 272 17 333 20 346 8 361 18 366 4 406 5 424 7 426 12 427 18 448 4 454 1 500 10 506 7 517 12 551 19 599 9 612 8 616 17 627 16 650 16 653 10 663 11 687 17 691 18 724 3 752 2 754 1 780 17 781 8 796 7 799 14 807 16 835 13 836 19 853 19 856 6 866 9 894 9 895 8 914 13 919 8 935 11 937 6 945 2 964 18 976 13 987 8 
14 5 45 11 71 13 127 15 140 12 145 11 150 11 195 3 195 18 208 2 216 18 240 4 241 3 249 17 253 9 271 10 275 4 293 19 315 19 333 9 357 8 374 15 394 17 400 11 408 17 409 12 425 17 461 7 468 11 479 7 483 19 484 15 492 8 497 8 502 16 526 6 545 8 569 19 590 18 614 11 614 18 620 15 621 3 624 4 646 7 667 10 687 9 689 4 690 16 715 5 716 4 722 11 730 15 731 17 733 2 741 1 769 15 805 19 807 14 815 11 825 7 834 7 851 8 855 19 863 4 865 18 870 11 893 11 913 18 940 18 942 13 947 5 964 5 968 11 972 15 973 13 975 6 
